0.445823389084 0.0332702459119 0.0485707804724 0.0910769519732 0.000518604046647
2.52853926507 2.52935514416 2.36902398738 0.153294959887 0.687084134126 0.705073644562 2.75723236497 0.452890401068 0.730451827472 3.77919122684 3.86896006029 3.72844997129 5.82278168242 0.114924062305 0.000162961545515
7.32305559406 0.20349441726 4.54669525181 0.642342855679 1.58872988549 0.508903159684 0.161873006634 0.000189211178236
1.81191978943 0.0155261468165 0.0437269773979 0.00137169772663 0.0200746581887 0.440610169264 1.43978221667 0.0636604985843 0.00793510991552 0.000251218885156
0.664088953461 0.159361132432 0.0210268611596 0.537715288879 2.14283404161 2.04544292342 6.59463991492 0.366762183116 1.021776457 0.000269282494303
0.592103599351 0.100078008431 3.69192444224 0.877634083452 0.178093777492 0.607920543092 0.0715170645557 0.0327455521922 0.000131362250984
0.568039747428 1.63636730319 1.4631370666 1.69623329205 0.000221247669889
0.503182105036 0.582578028993 0.00315460299333 0.0763690183332 1.66018142982 0.187610902364 0.0693936935698 0.0704850880554
1.15878091636 0.0988796144978 2.269623678 0.00218577960561 0.0997554076947 0.000229353248449
0.0572451925037 0.143534127124 0.000279339592394
1.52637702132 0.588568532469 0.0198093005187 1.33381854168 0.000255159193758
3.03804658742 0.114931656633 7.67886413378 0.24195171241 0.658645964401 3.38687905278 1.02760538584 0.612522617286 0.0274739863049 0.000240439518497
1.09773425101 3.79706273725 0.105714474023 0.0159415490774 0.518642876205 1.68957234325 0.0108021160049 1.14886639128 1.43408586741 0.0154983545426 0.000449326821895
1.77772843642 0.101096822354 1.11838269789 0.528071956611 0.0432192202809 0.000109807100159
5.05063244142 8.94679729987 2.08917223771 0.641914098209 3.98376123251 0.204660744045 2.90291216426 0.286322059656 4.03855308111 8.31083807955 1.69006365059 1.73007604646
2.80413602399 0.802715079355 0.01858242784 0.150332156178 0.000231356850434
1.55636963086 0.895994587058 0.903390479736 1.00475398028 0.267341469131 0.713486451363 4.34486032992 2.20629364104 7.57713628989 0.103528484127 1.9473349567 1.27390856003 0.169333443871 0.371410630028 0.000156654745426
0.306196166106 6.9831452177 2.73681643614 0.175717959275 0.0323432172057 1.18838533217 8.91861896992 4.33366697171 1.23089124749 7.61865482352 5.53458569407 1.63031146895 0.591423337476 0.183539112363 4.51462035404
0.530687575745 0.261286633476 0.21472111229 8.74146904852 0.0968037737009 0.000187765709492
0.307250860575 0.0570131625678 0.0227183596387 5.22745048945 5.93044252586 2.88698779301 0.0526528652635 0.445178917414 0.354445934795 4.54269540317 0.419316854218 2.14780626891 0.101573836326 0.692282966726 0.000126955636334
3.49305375424 0.0654858766744 0.0955464713693 0.00199869553461 0.0255391090206 0.035083585429 0.000150085902286
8.11930596424 5.87823013251 1.24092420999 7.97310019249 0.229599953385 0.000680084370966
0.330914916891 0.498348511148 0.159102467537 1.88896897924 1.65518621893 0.214054534095 0.00925720929921 2.87675920113 0.0390012636075 0.0367412584463 7.02935039453e-05
0.154634757469 0.133696061886 0.0585658975277 3.79171900703 0.35932002487 0.527285685141 1.56976805032 0.16534747946 0.40679044157 6.72508217944 0.393753084724 2.6740972614 0.038260321043 0.812122126784 0.0597920063123 0.0456471645827 0.000115420024396
5.2100180735 3.37739433724 3.33698418171 0.630732460718 0.0438863576368 5.3679910683 1.28124107692 0.614141579645 2.75251080758 1.37392942777 1.33636814743 0.224455381618 0.528092484737 0.000101712426282
0.160016793443 0.841834436233 0.204378532741 0.829467535152 0.84079167029 0.00445003981151 0.0152218535754 0.00371988214308 0.00084959991674 0.0233283834311 0.000214576096288
2.06824889135 1.09654724317 0.0547470136718 0.436828145761 0.607394526762 0.317915189487 0.00472121243333 0.0247343472596 0.000113067629074
3.70149380599 0.0404446806871 4.9630886357 3.45032491104 4.04899534724 4.34607799148 8.61870942898 8.5406942636 3.46574326195 0.00141204696251
0.162517838115 4.58051381522 11.9410518282 9.32968501128 0.263392042252 9.56364947418 1.33003948122 7.74360097064 2.80891658737 9.16273356834 13.598041002 5.06807732884 5.50014881112 11.7199944461 10.4525544151 10.1355798839 0.236942314288 0.000686186914147
2.56811505485 0.26287976307 0.238212484779 0.054581493893 0.185767208073 0.0525536714253 0.0230196074481 0.361591841455 4.92007514758 4.56115380403 5.88686133909 1.11985593615 6.35073542424 4.05011381666 3.80330520693 6.03947220407 7.00707517365 2.72492861218 1.81310289689 3.52861435599 2.37739774998 11.5588675698 0.0982609258908 1.23986359769 2.14136089993 0.000387279888418
7.29481248233 6.56445993398 1.29253302154 7.28283302315 3.38688589563 2.25438744345 2.75143690442 0.660610617387 0.0560012854432 0.000529006148347
1.0287915861 0.0629708778515 0.100759569294 0.00728752737044 2.00698055251 13.1600027254 3.93929819815 3.59279845212 1.59586090319 12.2742855924 0.0576085972316 0.000206553711097
1.20938634506 0.040049589138 0.0527602710136 0.0136712935051 0.0428464480329 0.0149759975273 0.0602440176724 0.361576280263 0.0423449337448 0.125199349296 0.000747111249208
0.434385257335 5.54674270967 1.85078388956 0.00123579688353
0.215721297338 0.0261562728456 0.239748798997 0.210099648612 5.0721366824 3.26579116484 1.18189367962 5.17463438046 0.3489762692 3.51870456698 4.79890343352 0.0886128193434 9.96243053895 7.4380403076 3.68478521078 5.79145414912 2.14147845715 10.7086427579 0.0183986290641 0.132604640513 0.000240797031702
0.512127251766 0.00907785435028 0.320784875305 1.3224351468 0.132802389799 0.00258752581042 0.0675034009729 0.000331576528695
0.301823457868 0.120369071769 0.227339286541 0.0381303547978 0.0697041750022 0.000147919753282
2.03560282899 1.51690543784 0.33022458331 0.370245987374 0.214851795986 2.43614537619 0.194281809435 5.76277159753 0.0422580437944 7.47140976696e-05
2.48994515674 4.90562803541 0.256656277753 3.28606921639 1.26215423348 0.792577924284 2.9965751772 1.1355422012 0.546839576344 0.116157688821 0.054433448269 0.000177296468232
0.100346961606 0.0506909408018 0.000177943556405
1.41356877036 0.30137303056 7.10612256799 0.0999148289967 8.72080581435e-05
0.25471471018 0.0175304410672 0.229680414466 0.430224607478 0.0613754059143 0.000119848324296
0.734592795962 0.954676117514 4.50844929125 2.41787563575 0.0504413037351 0.0606596331714 0.00641213284294 0.00639566265251 0.0142324263728 0.0329878310881 6.26651567859e-05
0.0833518613091 0.00213232908606 0.0462317461215 0.0384476517499 5.75171293852e-05
1.29442430406 0.0899761518396 0.0843987529496 0.0101615587199 0.0368194869364 0.0364705987346 0.0335791595356 0.000126868604707
0.239272432814 0.077713917529 1.31744145254 0.258311925433 0.184352203955 0.0410312578798 0.000122073256967
5.46643670788 2.39366261931 0.23640682579 0.132399346789 0.00626932419026 2.85586541413 1.35970167697 1.12715335635 0.00868122018664 0.0312325924206 0.000151323295487
1.1916538722 3.10752937869 5.6862231142 1.59138288548 0.000875359541746
1.43570615711 0.132413595802 1.39451860881 0.159233622356 0.000522962963899 0.0697274875287 0.156172445945 7.25838737245 1.78296250783 3.3874221342 2.9993993164 0.143745453676 0.40004545369 3.49506422395 4.2473230786 4.83925788496 2.9636478328 0.000665514275655
0.47595497298 0.0262744881678 0.0431177837494 0.562785455708 0.559117956307 1.05624754062 1.59701491103 5.77401190847 0.0345153605187 1.25693880414 0.0775840872148 0.125284770809 0.154890613557 0.0911693482329 0.0141343148504 0.0429148388211 0.0316862462419 0.000170765537453
0.842158351054 0.0433995162267 0.0853496887956 0.0453581928609 2.03110083845 0.0594883801482 0.13184127392 0.0137398303034 0.000258773748795
8.97051833845 1.5640608264 0.204148366773 0.360195467528 0.000231084080514
5.07360002775 1.16057487711 6.13680545142 3.87289734651 2.93604858572 10.0904424235 0.560594887881 0.000305291730089
3.44890361216 4.32045450558 1.56363019546 5.68927411132 0.663283806494 0.0654446650457 0.000150196268187
0.377062109166 1.61176058257 0.788691445018 0.222737182199 0.0590339406886 0.0146632569878 0.0752910166424 0.0718575863505 0.00338390416713 0.0384727849643 0.000175178977424
1.42948366848 0.366220656501 0.132548522181 0.337685413611 0.410337058303 2.28749810973 3.3257285465 3.22816850164 6.60349453063 2.80769860894 0.133418547194 5.17239704892 2.65331862179 0.000145812523461
0.447180326969 0.0569466518854 0.611126131452 0.346279175939 0.00768155927372 1.20561776259 0.0926564813775 0.0810664235954
2.20441020459 0.095412749357 9.72617952498 1.04315100291 4.22791531516 0.0841207021432 1.64849400613 0.000184279420195
0.767804686 1.65927569228 0.232753259754 0.00132173429679
0.0205659671836 0.0816035737431 0.000282962002491
0.941456522628 0.212755821003 2.55238690337 0.0774165655723 0.000162741215583
0.130246185718 1.42993593948 2.60808574534 1.24754194787 9.79852360668e-05
3.85162229413 0.463791081548 2.70444453499 0.0578062595111 0.382273182391 0.000264865907631
3.31074367806 0.117357736085 0.591276928515 6.5823364758 1.13577038212 0.00672360917548 0.530302638623 1.29123270308 0.0244326601197 0.000147765507153
3.81286368642 0.919290257853 2.327287728 0.262021453507 0.0503480382067 1.05835261599 0.182391399131 0.159936381202 1.77352627459 0.0358716727929 6.25353467918 0.406865983534 0.80053126514 0.0542326541418 8.8206553024e-05
1.25352182951 0.0678446236973 0.087150671993 0.133898097408 0.0266709265916 0.0101017332031 0.154128633197 0.0105154157799 0.0490621454252 0.000205722173444
1.13399281125 0.68665691604 8.71186851378 1.6367696879 1.51105125956 0.0720851525442 0.0354236868586 0.356456929197 6.82924687581 1.44531858161 0.000273335696245
1.49868988906 0.426043593603 0.0168962998272 1.00685537036 0.000350060728426
1.9118896901 0.521166220273 0.924040345269 0.0700617257617 0.0707226634628 0.000141074273671
0.546248689585 1.34888214426 2.12131547049 1.22903958048 0.219661894575 0.213114235451 8.60773652248 0.0594286852652 0.123472768144 0.0867847717351 0.000191113707276
0.772359035559 0.118446629265 0.0582083789721 3.55941228931 0.0435107260151 0.0652082224673 0.210479105758 0.0461509209556 0.000207657810428
1.57666650995 0.546311738923 11.0426027842 1.98674747651 1.90458735477 0.0815526440356 0.0918165587508 0.000271228996056
0.891407267429 0.0816304353031 0.374333289927 3.59870847306 0.0461271104855 0.495756725322 0.995295899876 0.7448728357 0.431637637304 0.735556429423 0.176194265182 0.447173083299 3.19564599184 8.48806519268 0.927713979581 9.7014768359e-05
0.10616855826 0.0243522842151 3.64833404057 0.289567023072 7.59199966749 8.7871785166 1.20943406835 1.93198622537 0.0676999387182 0.317236878266 4.35496044739 0.125644742546 7.30291229162e-05
1.11878181555 0.234305432839 4.00858444307 0.144417506546 0.000325149175047
0.517795595582 0.618821814905 0.0270079015843 0.113511180865 0.0334341577517 8.80728725301e-05
2.99313005367 0.681285550387 1.46168075289 0.690083820912 8.75630858732 2.10974696354 0.0458860952572 0.000420675645658
4.10026309775 2.02331578545 2.19269710679 0.0956304624385 0.053610156305 3.03309091739 4.95227229681 0.092360327832 0.0124563743187 0.9565670502 0.000377791709207
0.246163617507 0.234470305599 0.233404279625 0.771921026439 0.257138509335 0.137831447183 0.736195822966 0.0398784530384 0.188981208071 1.73459268442 0.0504727677196 0.000125853858495
2.90953554342 0.0432553759655 0.00340472913642 0.025545758654 0.667049352317 5.03764784057 1.07388437184
4.13659472586 0.0450319084407 2.78715660167 0.516857467296 0.0379097023789 1.79534024031 0.0766561116538 0.000446538303669
1.6701330535 0.499451077202 0.0290408329376 0.262542312803 0.0132242135812 0.00366727260995 0.0339871784283 12.9941687243 1.78337947825 0.307133812923 1.63847370356 0.000289161135486
0.734685769975 0.0375950296253 0.431629080578 0.642898148392 0.495009260067 5.52934633439 0.109021863959 0.0343794218927 0.00472363210018 0.0780071888256 0.000198640742135
1.35865141798 0.148806408604 13.0120235291 2.22935081497 0.548714416352 0.138664208781 0.000340912742354
0.209964310197 0.209266179435 0.443396804147 0.298291427268 0.0112186649245 0.0284446506711 7.8752443215e-05
2.30304582414 0.0774335517973 0.00504122841868 0.0702104177538 0.562488102533 0.153845191799 3.17713137079 0.0589790930703 0.000129786291029
0.535296313302 0.0302452451425 0.0655926954423 0.0069496070556 0.0323773453513 0.0905765731204 1.24170233119 0.157503536536 0.024595942965 0.243500966785 1.69565263839 0.114436698555 0.83062266756 0.0100943775215 0.0876062220028 0.54055735174 0.112758446037 0.568332402909 0.573828762386 0.00611622231962 0.676591944679 0.000161588020531
3.26613562989 0.300700818646 3.13112295268 1.57214303217 4.13876222472 1.32255235165 0.293635351078 0.000138544432599
0.357592440527 0.0649080686325 0.108051822104 0.89774104193 0.0886101379359 0.0095300690411 2.0533975211 0.898113842048 0.195210845972 0.409322079162 0.485619269418 0.000109737474383
0.334648756489 0.904530521821 3.97303062217 0.0252949171411 0.0428512314175 0.208325974939 0.239504954826 4.55404066017 0.469151283651 0.0221486027815 0.00355708815344 4.20486576409
0.837665989998 0.428545540581 0.664625661554 9.07540256295 0.312834425126 0.000116305316983
1.93837689979 0.048172071932 0.0221456017056 0.0709192504922 3.57536102915 0.706568778844 1.06422843353 0.314182082028 0.258209471245 1.31275711083 0.0770777994562 0.0843198207332 0.0222683007722 3.19132134423
2.58608595252 0.0670126971405 0.00354524001978 0.0715246304031 0.00962867638053 0.000259735259548
8.97634231835 2.43965097685 5.36745105255 4.88637215113 5.9412452234 0.833002360745 0.00078044156021
5.74398556065 0.416012816676 0.021926789333 0.510100595613 5.68410569106 0.0889846483125 0.00016194237554
5.98077645051 0.0152665955152 0.136923952745 0.508015753452 0.000362929230791
1.41589890977 2.99479148982 0.0558884824541 0.0052450462805 0.0185649700128 0.0367050714899 0.000102601225375
0.457309786369 0.00371986032197 0.389246509511 0.173572487936 0.00833029231086 0.0726037750172 2.4542050882 0.0489608030764 9.42517230652e-05
0.104296280841 0.0528737309792 0.000111488582966
0.299132916855 0.297378878494 2.47258121916 0.127272017296 0.0958532035721 0.0199158333046 0.251864777358 0.0497834102674 0.037400960324 0.000192492909528
